1	2.119942	23.445431	1.965626	23.60013	1	Aries
2	1.965626	23.60013	1.911386	20.798367	1	Aries
3	1.911386	20.798367	2.119942	23.445431	1	Aries
4	2.119942	23.445431	2.213525	21.199436	1	Aries
5	2.213525	21.199436	1.892287	19.285757	1	Aries
6	2.213525	21.199436	2.986634	21.325487	1	Aries
7	2.986634	21.325487	3.193663	19.726934	1	Aries
8	2.986634	21.325487	2.833082	27.26133	1	Aries
9	2.833082	27.26133	2.798322	29.249493	1	Aries
10	2.798322	29.249493	2.72422	27.713966	1	Aries
11	2.72422	27.713966	2.833082	27.26133	1	Aries
12	2.72422	27.713966	2.119942	23.445431	1	Aries
13	3.818949	24.052765	4.422459	22.299515	2	Taurus
14	5.626793	21.147869	4.598164	16.495453	2	Taurus
15	4.598164	16.495453	4.475934	15.951143	2	Taurus
16	4.476698	19.182625	4.598164	16.495453	2	Taurus
17	4.475934	15.951143	4.329642	15.613098	2	Taurus
18	4.329642	15.613098	4.381971	17.526777	2	Taurus
19	4.381971	17.526777	4.476698	19.182625	2	Taurus
20	4.476698	19.182625	4.422459	22.299515	2	Taurus
21	4.476698	19.182625	5.437339	28.596321	2	Taurus
22	4.329642	15.613098	4.635596	12.519127	2	Taurus
23	4.635596	12.519127	4.593962	10.152811	2	Taurus
24	4.329642	15.613098	4.258596	8.898034	2	Taurus
25	4.329642	15.613098	4.010699	12.479019	2	Tarus
26	4.010699	12.479019	3.452257	9.734552	2	Tarus
27	3.452257	9.734552	3.514136	12.943115	2	Tarus
28	3.452257	9.734552	4.051952	5.993138	2	Tarus
29	3.452257	9.734552	3.413296	9.035543	2	Tarus
30	3.413296	9.035543	3.614213	0.40107	2	Tarus
31	3.747521	24.110062	3.514136	12.943115	2	Tarus
32	7.575946	31.885098	7.484275	31.781965	3	Gemini
33	7.484275	31.781965	7.184815	30.246439	3	Gemini
34	7.184815	30.246439	6.878865	33.964935	3	Gemini
35	7.184815	30.246439	6.731426	25.129927	3	Gemini
36	6.731426	25.129927	6.482004	20.213949	3	Gemini
37	6.731426	25.129927	6.381931	22.517239	3	Gemini
38	6.381931	22.517239	6.247097	22.49432	3	Gemini
39	6.247097	22.49432	6.067958	23.267813	3	Gemini
40	7.184815	30.246439	7.428126	27.79418	3	Gemini
41	7.428126	27.79418	7.598101	26.900366	3	Gemini
42	7.598101	26.900366	7.754322	28.011904	3	Gemini
43	7.598101	26.900366	7.739807	24.402269	3	Gemini
44	7.598101	26.900366	7.334545	21.984388	3	Gemini
45	7.334545	21.984388	7.300932	16.529831	3	Gemini
46	7.300932	16.529831	6.754344	12.891549	3	Gemini
47	7.334545	21.984388	7.067935	20.563454	3	Gemini
48	7.067935	20.563454	6.627913	16.392321	3	Gemini
49	8.720744	21.468727	8.777661	28.762478	4	Cancers
50	8.720744	21.468727	8.744045	18.145571	4	Cancers
51	8.744045	18.145571	8.974001	11.865954	4	Cancers
52	8.744045	18.145571	8.274576	9.201701	4	Cancers
53	8.274576	9.201701	8.083581	13.115003	4	Cancers
54	8.083581	13.115003	8.720744	21.468727	4	Cancers
55	9.409843	26.178438	9.878928	26.018011	5	Leo
56	9.878928	26.018011	9.763568	23.760557	5	Leo
57	9.763568	23.760557	9.52788	22.981335	5	Leo
58	9.52788	22.981335	9.409843	26.178438	5	Leo
59	9.878928	26.018011	10.278098	23.411053	5	Leo
60	10.278098	23.411053	10.332722	19.841526	5	Leo
61	10.332722	19.841526	10.121866	16.764744	5	Leo
62	10.121866	16.764744	9.763568	23.760557	5	Leo
63	10.332722	19.841526	11.038627	20.179571	5	Leo
64	11.038627	20.179571	11.234583	20.511887	5	Leo
65	11.234583	20.511887	11.817483	14.564586	5	Leo
66	11.234583	20.511887	11.237257	15.435481	5	Leo
67	11.237257	15.435481	11.398452	10.525233	5	Leo
68	11.398452	10.525233	11.351851	6.033245	5	Leo
69	11.237257	15.435481	10.546633	9.299104	5	Leo
70	11.237257	15.435481	10.121866	16.764744	5	Leo
71	10.121866	16.764744	10.139055	11.969087	5	Leo
72	10.121866	16.764744	9.791835	11.424777	5	Leo
73	9.791835	11.424777	9.68488	9.90071	5	Leo
74	12.694125	-1.449583	12.331241	-0.664631	6	Virgo
75	12.331241	-0.664631	11.844603	1.75898	6	Virgo
76	11.844603	1.75898	11.764007	6.514529	6	Virgo
77	11.764007	6.514529	12.086774	8.731875	6	Virgo
78	12.086774	8.731875	12.694125	-1.449583	6	Virgo
79	12.694125	-1.449583	12.926371	3.380451	6	Virgo
80	12.926371	3.380451	13.035996	10.966411	6	Virgo
81	12.926371	3.380451	13.578029	-0.601606	6	Virgo
82	13.578029	-0.601606	14.026861	1.552715	6	Virgo
83	14.026861	1.552715	14.770581	1.89649	6	Virgo
84	14.026861	1.552715	14.266743	-5.998868	6	Virgo
85	14.266743	-5.998868	14.717103	-5.655093	6	Virgo
86	14.266743	-5.998868	14.214793	-10.284592	6	Virgo
87	14.214793	-10.284592	13.419506	-11.155487	6	Virgo
88	13.419506	-11.155487	13.578029	-0.601606	6	Virgo
89	13.419506	-11.155487	13.165487	-5.540501	6	Virgo
90	13.165487	-5.540501	12.694125	-1.449583	6	Virgo
91	15.283201	-9.390778	15.591841	-14.78231	7	Libra
92	15.591841	-14.78231	15.616672	-28.132225	7	Libra
93	15.616672	-28.132225	15.644175	-29.788073	7	Libra
94	15.591841	-14.78231	14.847741	-16.048546	7	Libra
95	14.847741	-16.048546	15.06738	-25.290354	7	Libra
96	14.847741	-16.048546	15.283201	-9.390778	7	Libra
97	16.005154	-22.614641	16.090719	-19.807148	8	Scorpius
98	16.090719	-19.807148	16.199585	-19.474833	8	Scorpius
99	16.199585	-19.474833	16.353142	-25.588293	8	Scorpius
100	16.353142	-25.588293	16.204935	-27.93742	8	Scorpius
101	16.204935	-27.93742	15.948237	-29.215115	8	Scorpius
102	15.948237	-29.215115	15.980705	-26.115414	8	Scorpius
103	16.353142	-25.588293	16.489891	-26.43054	8	Scorpius
104	16.489891	-26.43054	16.597988	-28.223898	8	Scorpius
105	16.597988	-28.223898	16.835571	-34.297249	8	Scorpius
106	16.835571	-34.297249	16.863842	-38.050125	8	Scorpius
107	16.863842	-38.050125	16.909294	-42.347305	8	Scorpius
108	16.909294	-42.347305	17.202269	-43.23539	8	Scorpius
109	17.202269	-43.23539	17.621695	-43.006207	8	Scorpius
110	17.621695	-43.006207	17.792828	-40.124229	8	Scorpius
111	17.792828	-40.124229	17.708023	-39.03561	8	Scorpius
112	17.708023	-39.03561	17.512442	-37.305279	8	Scorpius
113	17.512442	-37.305279	17.559807	-37.099014	8	Scorpius
114	17.559807	-37.099014	17.830645	-37.053177	8	Scorpius
115	18.096884	-30.435514	18.229815	-21.050467	9	Sagittarius
116	18.229815	-21.050467	18.466259	-25.433594	9	Sagittarius
117	18.466259	-25.433594	18.350132	-29.816721	9	Sagittarius
118	18.350132	-29.816721	18.402851	-34.383194	9	Sagittarius
119	18.402851	-34.383194	18.293983	-36.772427	9	Sagittarius
120	18.293983	-36.772427	18.096884	-30.435514	9	Sagittarius
121	18.096884	-30.435514	18.350132	-29.816721	9	Sagittarius
122	18.350132	-29.816721	18.761137	-26.997768	9	Sagittarius
123	18.761137	-26.997768	18.921186	-26.298759	9	Sagittarius
124	18.921186	-26.298759	18.962446	-21.102034	9	Sagittarius
125	18.962446	-21.102034	19.162998	-21.02182	9	Sagittarius
126	19.162998	-21.02182	19.36124	-17.853363	9	Sagittarius
127	19.162998	-21.02182	18.921186	-26.298759	9	Sagittarius
128	18.921186	-26.298759	19.115629	-27.668129	9	Sagittarius
129	19.115629	-27.668129	19.04381	-29.874016	9	Sagittarius
130	19.04381	-29.874016	18.761137	-26.997768	9	Sagittarius
131	19.115629	-27.668129	19.99572	-35.288467	9	Sagittarius
132	19.99572	-35.288467	19.921232	-41.87175	9	Sagittarius
133	19.99572	-35.288467	19.398674	-40.616974	9	Sagittarius
134	19.398674	-40.616974	19.377283	-44.467251	9	Sagittarius
135	19.398674	-40.616974	19.04381	-29.874016	9	Sagittarius
136	20.294064	-12.501938	20.346397	-14.78231	10	Copricornus
137	20.346397	-14.78231	21.099295	-17.23457	10	Copricornus
138	21.099295	-17.23457	21.073704	-19.847256	10	Copricornus
139	21.073704	-19.847256	21.119154	-25.003876	10	Copricornus
140	21.073704	-19.847256	20.481234	-17.818985	10	Copricornus
141	20.481234	-17.818985	20.768492	-25.273167	10	Copricornus
142	20.768492	-25.273167	20.863993	-26.934744	10	Copricornus
143	20.481234	-17.818985	20.346397	-14.78231	10	Copricornus
144	21.099295	-17.23457	21.371256	-16.833498	10	Copricornus
145	21.371256	-16.833498	21.668449	-16.667341	10	Copricornus
146	21.668449	-16.667341	21.784184	-16.134489	10	Copricornus
147	21.371256	-16.833498	21.478979	-21.823959	10	Copricornus
148	21.478979	-21.823959	21.444601	-22.419836	10	Copricornus
149	21.444601	-22.419836	21.099295	-17.23457	10	Copricornus
150	22.096636	-0.315127	22.421318	1.369369	11	Aquarius
151	22.421318	1.369369	22.589384	-0.120321	11	Aquarius
152	22.589384	-0.120321	22.360968	-1.386558	11	Aquarius
153	22.360968	-1.386558	22.096636	-0.315127	11	Aquarius
154	22.096636	-0.315127	21.526348	-5.586338	11	Aquarius
155	21.526348	-5.586338	22.107714	-13.865577	11	Aquarius
156	21.526348	-5.586338	21.16041	-11.38467	11	Aquarius
157	21.16041	-11.38467	20.878126	-8.989707	11	Aquarius
158	20.878126	-8.989707	20.794847	-9.505369	11	Aquarius
159	22.096636	-0.315127	22.28075	-7.786496	11	Aquarius
160	22.28075	-7.786496	22.877392	-7.59169	11	Aquarius
161	22.877392	-7.59169	23.239124	-6.050434	11	Aquarius
162	23.239124	-6.050434	23.265102	-9.08711	11	Aquarius
163	23.265102	-9.08711	22.877392	-7.59169	11	Aquarius
164	23.265102	-9.08711	22.911003	-15.825092	11	Aquarius
165	22.911003	-15.825092	22.826977	-13.590557	11	Aquarius
166	22.826977	-13.590557	22.877392	-7.59169	11	Aquarius
167	23.265102	-9.08711	23.383135	-20.105087	11	Aquarius
168	23.383135	-20.105087	23.434317	-20.637938	11	Aquarius
169	23.434317	-20.637938	23.555019	-20.918688	11	Aquarius
170	23.265102	-9.08711	23.157764	-21.165058	11	Aquarius
171	23.157764	-21.165058	23.165403	-22.448484	11	Aquarius
172	23.165403	-22.448484	23.111546	-23.749098	11	Aquarius
173	23.666176	5.632174	23.701317	1.776169	12	Pisces
174	23.701317	1.776169	23.449215	1.249048	12	Pisces
175	23.449215	1.249048	23.286491	3.283048	12	Pisces
176	23.286491	3.283048	23.339588	5.380073	12	Pisces
177	23.339588	5.380073	23.4664	6.382749	12	Pisces
178	23.4664	6.382749	23.666176	5.632174	12	Pisces
179	23.666176	5.632174	23.988941	6.864034	12	Pisces
180	23.988941	6.864034	0.811309	7.58596	12	Pisces
181	0.811309	7.58596	1.049277	7.883898	12	Pisces
182	1.049277	7.883898	1.229185	7.58596	12	Pisces
183	1.229185	7.58596	1.503441	6.142107	12	Pisces
184	1.503441	6.142107	1.690989	5.483205	12	Pisces
185	1.690989	5.483205	1.893051	3.202834	12	Pisces
186	1.893051	3.202834	1.75707	9.150135	12	Pisces
187	1.75707	9.150135	1.525213	15.343808	12	Pisces
188	1.525213	15.343808	1.445381	19.234192	12	Pisces
189	1.445381	19.234192	1.229567	24.585617	12	Pisces
190	1.229567	24.585617	1.194808	30.097469	12	Pisces
191	1.194808	30.097469	1.324678	27.26133	12	Pisces
192	1.324678	27.26133	1.229567	24.585617	12	Pisces
193	17.581964	12.564963	16.961622	9.385048	13	Ophiuchus
194	17.581964	12.564963	17.724066	4.566473	13	Ophiuchus
195	16.961622	9.385048	17.724066	4.566473	13	Ophiuchus
196	17.724066	4.566473	17.172857	-15.72196	13	Ophiuchus
197	17.172857	-15.72196	16.618996	-10.571071	13	Ophiuchus
198	16.618996	-10.571071	16.961622	9.385048	13	Ophiuchus
199	17.724066	4.566473	17.798176	2.71582	13	Ophiuchus
200	17.798176	2.71582	18.010176	2.927814	13	Ophiuchus
201	18.010176	2.927814	18.091154	2.498096	13	Ophiuchus
202	18.091154	2.498096	18.007885	-3.689848	13	Ophiuchus
203	18.007885	-3.689848	17.983438	-9.791847	13	Ophiuchus
204	16.961622	9.385048	16.5151	1.982434	13	Ophiuchus
205	16.5151	1.982434	16.305016	-4.703983	13	Ophiuchus
206	17.172857	-15.72196	17.350096	-21.102034	13	Ophiuchus
207	17.350096	-21.102034	17.52352	-23.972551	13	Ophiuchus
208	17.52352	-23.972551	17.439098	-24.190275	13	Ophiuchus
209	17.439098	-24.190275	17.366522	-25.003876	13	Ophiuchus
210	17.366522	-25.003876	17.455528	-29.874016	13	Ophiuchus
211	16.618996	-10.571071	16.518539	-16.615774	13	Ophiuchus
212	16.518539	-16.615774	16.450165	-18.466429	13	Ophiuchus
213	16.450165	-18.466429	16.40127	-20.030602	13	Ophiuchus
214	16.40127	-20.030602	16.535345	-21.474457	13	Ophiuchus
215	15.853887	20.981712	15.811869	18.134111	14	Serpens
216	15.811869	18.134111	15.940598	15.641747	14	Serpens
217	15.940598	15.641747	15.769468	15.418293	14	Serpens
218	15.769468	15.418293	15.691924	19.675369	14	Serpens
219	15.691924	19.675369	15.811869	18.134111	14	Serpens
220	15.769468	15.418293	15.579999	10.525233	14	Serpens
221	15.579999	10.525233	15.737764	6.417127	14	Serpens
222	15.737764	6.417127	15.846628	4.4748	14	Serpens
223	15.846628	4.4748	15.826766	-3.414828	14	Serpens
224	15.826766	-3.414828	16.238548	-3.689848	14	Serpens
225	16.238548	-3.689848	16.305016	-4.703983	14	Serpens
226	16.305016	-4.703983	16.463533	-8.365183	14	Serpens
227	16.463533	-8.365183	16.829842	-10.783065	14	Serpens
228	16.829842	-10.783065	17.346657	-12.851442	14	Serpens
229	17.346657	-12.851442	17.62628	-15.401104	14	Serpens
230	17.62628	-15.401104	17.690071	-12.87436	14	Serpens
231	17.690071	-12.87436	17.983438	-9.791847	14	Serpens
232	17.983438	-9.791847	18.355099	-2.881977	14	Serpens
233	18.355099	-2.881977	18.937231	4.194051	14	Serpens
234	2.520247	89.249626	17.536123	86.579643	15	Ursa Minor
235	17.536123	86.579643	16.765675	82.036087	15	Ursa Minor
236	16.765675	82.036087	15.733944	77.801933	15	Ursa Minor
237	15.733944	77.801933	16.291264	75.75074	15	Ursa Minor
238	16.291264	75.75074	15.345463	71.831711	15	Ursa Minor
239	15.345463	71.831711	14.845067	74.146461	15	Ursa Minor
240	14.845067	74.146461	15.733944	77.801933	15	Ursa Minor
241	6.313176	69.316429	7.000328	76.959686	16	Camelopardalis
242	7.000328	76.959686	4.899916	66.325584	16	Camelopardalis
243	4.899916	66.325584	3.839194	71.310318	16	Camelopardalis
244	3.839194	71.310318	3.825061	65.534904	16	Camelopardalis
245	3.825061	65.534904	5.056139	60.447041	16	Camelopardalis
246	5.056139	60.447041	4.899916	66.325584	16	Camelopardalis
247	5.056139	60.447041	4.953772	53.760624	16	Camelopardalis
248	3.825061	65.534904	3.483961	59.948566	16	Camelopardalis
249	3.483961	59.948566	3.498093	58.877136	16	Camelopardalis
250	23.655861	77.612854	21.477833	70.542557	17	Cepheus
251	21.477833	70.542557	22.828505	66.199539	17	Cepheus
252	22.828505	66.199539	23.655861	77.612854	17	Cepheus
253	21.477833	70.542557	20.493458	62.985245	17	Cepheus
254	20.493458	62.985245	20.755123	61.833599	17	Cepheus
255	20.755123	61.833599	21.310141	62.584175	17	Cepheus
256	21.310141	62.584175	21.725742	58.785465	17	Cepheus
257	21.725742	58.785465	22.250959	57.0494	17	Cepheus
258	22.250959	57.0494	22.181055	58.195316	17	Cepheus
259	22.181055	58.195316	21.75783	61.13459	17	Cepheus
260	22.181055	58.195316	22.486252	58.41877	17	Cepheus
261	22.486252	58.41877	22.828505	66.199539	17	Cepheus
262	0.152789	59.152157	0.675326	56.528011	18	Cassiopeia
263	0.675326	56.528011	0.944999	60.716331	18	Cassiopeia
264	0.944999	60.716331	1.430484	60.235046	18	Cassiopeia
265	1.430484	60.235046	1.907184	63.684254	18	Cassiopeia
266	17.942947	51.480251	17.892145	56.866055	19	Draco
267	17.892145	56.866055	17.535742	55.181561	19	Draco
268	17.535742	55.181561	17.507095	52.316772	19	Draco
269	17.507095	52.316772	17.942947	51.480251	19	Draco
270	17.892145	56.866055	19.209217	67.660576	19	Draco
271	19.209217	67.660576	19.539249	69.648743	19	Draco
272	19.539249	69.648743	19.803202	70.26754	19	Draco
273	19.209217	67.660576	18.346312	71.333237	19	Draco
274	18.346312	71.333237	18.351278	72.731255	19	Draco
275	18.346312	71.333237	17.146502	65.712524	19	Draco
276	17.146502	65.712524	16.399359	61.501282	19	Draco
277	16.399359	61.501282	16.031515	58.562012	19	Draco
278	16.031515	58.562012	15.415364	58.963081	19	Draco
279	15.415364	58.963081	14.073081	64.360344	19	Draco
280	14.073081	64.360344	12.557758	69.780525	19	Draco
281	12.557758	69.780525	11.52298	69.333618	19	Draco
282	13.791945	49.314472	13.398497	54.935188	20	Ursa Major
283	13.398497	54.935188	12.900394	55.943592	20	Ursa Major
284	12.900394	55.943592	12.256754	57.032211	20	Ursa Major
285	12.256754	57.032211	11.061928	61.747654	20	Ursa Major
286	11.061928	61.747654	11.030605	56.37904	20	Ursa Major
287	11.030605	56.37904	11.896551	53.697598	20	Ursa Major
288	11.896551	53.697598	12.256754	57.032211	20	Ursa Major
289	11.061928	61.747654	9.524823	63.065456	20	Ursa Major
290	9.524823	63.065456	8.503771	60.716331	20	Ursa Major
291	8.503771	60.716331	8.986224	48.025318	20	Ursa Major
292	8.986224	48.025318	9.059565	47.142963	20	Ursa Major
293	9.059565	47.142963	10.371684	41.499329	20	Ursa Major
294	10.371684	41.499329	10.284592	42.914536	20	Ursa Major
295	10.284592	42.914536	9.546597	51.680786	20	Ursa Major
296	9.546597	51.680786	9.849514	59.043293	20	Ursa Major
297	9.849514	59.043293	9.524823	63.065456	20	Ursa Major
298	13.791945	49.314472	11.767062	47.778946	20	Ursa Major
299	11.767062	47.778946	11.16086	44.48444	20	Ursa Major
300	11.16086	44.48444	11.307542	33.082581	20	Ursa Major
301	11.307542	33.082581	11.302576	31.535593	20	Ursa Major
302	11.302576	31.535593	10.371684	41.499329	20	Ursa Major
303	6.326163	59.008919	6.953728	58.41877	21	Lynx
304	6.953728	58.41877	7.444551	49.217068	21	Lynx
305	7.444551	49.217068	8.379624	43.201012	21	Lynx
306	8.379624	43.201012	9.009907	41.785809	21	Lynx
307	9.009907	41.785809	9.313203	36.812534	21	Lynx
308	9.313203	36.812534	9.349874	34.394653	21	Lynx
309	5.991566	54.276287	5.277297	46.002777	22	Auriga
310	5.277297	46.002777	5.991566	44.948536	22	Auriga
311	5.991566	44.948536	5.991566	54.276287	22	Auriga
312	5.277297	46.002777	5.032075	43.825539	22	Auriga
313	5.032075	43.825539	5.040478	41.08107	22	Auriga
314	5.040478	41.08107	5.107705	41.230038	22	Auriga
315	5.277297	46.002777	5.107705	41.230038	22	Auriga
316	5.107705	41.230038	4.949188	33.145603	22	Auriga
317	4.949188	33.145603	5.994621	37.196415	22	Auriga
318	5.994621	37.196415	5.991566	44.948536	22	Auriga
319	4.949188	33.145603	5.857498	39.150204	22	Auriga
320	2.844923	55.897758	2.90451	52.769409	23	Perseus
321	2.90451	52.769409	3.079453	53.497063	23	Perseus
322	3.079453	53.497063	2.844923	55.897758	23	Perseus
323	2.90451	52.769409	3.150882	49.612411	23	Perseus
324	3.150882	49.612411	3.405275	49.847324	23	Perseus
325	3.405275	49.847324	3.079453	53.497063	23	Perseus
326	3.150882	49.612411	2.736825	49.217068	23	Perseus
327	2.736825	49.217068	1.72804	50.678112	23	Perseus
328	3.405275	49.847324	3.715053	47.778946	23	Perseus
329	3.715053	47.778946	4.144006	47.71019	23	Perseus
330	4.144006	47.71019	4.247901	48.39201	23	Perseus
331	4.247901	48.39201	4.303669	50.299961	23	Perseus
332	4.303669	50.299961	4.109247	50.345795	23	Perseus
333	4.109247	50.345795	4.144006	47.71019	23	Perseus
334	3.150882	49.612411	3.135985	40.943562	23	Perseus
335	3.135985	40.943562	3.085947	38.829346	23	Perseus
336	3.085947	38.829346	2.858674	35.059284	23	Perseus
337	2.858674	35.059284	2.98396	35.179604	23	Perseus
338	3.135985	40.943562	3.963716	39.992451	23	Perseus
339	3.963716	39.992451	3.982051	35.775482	23	Perseus
340	3.982051	35.775482	3.738353	32.280437	23	Perseus
341	3.738353	32.280437	3.901837	31.885098	23	Perseus
342	3.963716	39.992451	3.752868	42.582218	23	Perseus
343	3.752868	42.582218	3.715053	47.778946	23	Perseus
344	0.139802	29.083334	0.655464	30.859503	24	Andromeda
345	0.655464	30.859503	0.614593	33.718563	24	Andromeda
346	0.655464	30.859503	0.642477	29.312517	24	Andromeda
347	0.614593	33.718563	0.284951	38.680378	24	Andromeda
348	0.642477	29.312517	0.788772	24.264761	24	Andromeda
349	0.788772	24.264761	0.953784	23.411053	24	Andromeda
350	0.614593	33.718563	1.162722	35.609322	24	Andromeda
351	0.642477	29.312517	1.162722	35.609322	24	Andromeda
352	1.162722	35.609322	0.945763	38.497032	24	Andromeda
353	0.945763	38.497032	0.830407	41.08107	24	Andromeda
354	0.830407	41.08107	1.158903	47.246094	24	Andromeda
355	1.158903	47.246094	1.633311	48.615463	24	Andromeda
356	1.162722	35.609322	1.61383	41.396198	24	Andromeda
357	1.61383	41.396198	2.06532	42.335846	24	Andromeda
358	0.284951	38.680378	23.673815	44.335468	24	Andromeda
359	23.673815	44.335468	23.62645	46.461143	24	Andromeda
360	23.673815	44.335468	23.032089	42.318657	24	Andromeda
361	22.393051	52.225098	22.521774	50.282772	25	Lacerta
362	22.521774	50.282772	22.492363	47.71019	25	Lacerta
363	22.492363	47.71019	22.409094	49.46344	25	Lacerta
364	22.409094	49.46344	22.393051	52.225098	25	Lacerta
365	22.492363	47.71019	22.351036	46.535625	25	Lacerta
366	22.351036	46.535625	22.508404	43.12653	25	Lacerta
367	22.508404	43.12653	22.675711	44.260986	25	Lacerta
368	22.675711	44.260986	22.492363	47.71019	25	Lacerta
369	22.508404	43.12653	22.231861	39.7117	25	Lacerta
370	22.231861	39.7117	22.266619	37.752186	25	Lacerta
371	20.690948	45.26366	20.258154	47.693001	26	Cygnus
372	20.258154	47.693001	19.495319	51.726624	26	Cygnus
373	19.495319	51.726624	19.285608	53.365284	26	Cygnus
374	19.285608	53.365284	19.749723	45.126152	26	Cygnus
375	19.749723	45.126152	20.370462	40.244553	26	Cygnus
376	20.690948	45.26366	20.953379	41.167015	26	Cygnus
377	20.953379	41.167015	21.215794	30.23498	26	Cygnus
378	21.215794	30.23498	20.770403	33.964935	26	Cygnus
379	20.770403	33.964935	20.370462	40.244553	26	Cygnus
380	20.690948	45.26366	20.370462	40.244553	26	Cygnus
381	20.690948	45.26366	21.082489	43.928669	26	Cygnus
382	20.953379	41.167015	21.247114	38.044395	26	Cygnus
383	21.247114	38.044395	21.299063	34.893127	26	Cygnus
384	20.370462	40.244553	19.983877	35.076473	26	Cygnus
385	19.983877	35.076473	19.842545	32.916424	26	Cygnus
386	19.842545	32.916424	19.656513	30.143307	26	Cygnus
387	19.656513	30.143307	19.512127	27.960337	26	Cygnus
388	18.615606	38.783508	18.331034	36.061958	27	Lyra
389	18.331034	36.061958	18.834475	33.369057	27	Lyra
390	18.834475	33.369057	18.746624	37.591759	27	Lyra
391	18.746624	37.591759	18.615606	38.783508	27	Lyra
392	18.615606	38.783508	18.739368	39.665863	27	Lyra
393	18.739368	39.665863	18.908581	36.89275	27	Lyra
394	18.908581	36.89275	18.982307	32.675781	27	Lyra
395	18.982307	32.675781	18.834475	33.369057	27	Lyra
396	18.982307	32.675781	19.273005	38.136066	27	Lyra
397	19.273005	38.136066	19.22946	39.133015	27	Lyra
398	19.22946	39.133015	18.922714	43.945858	27	Lyra
399	18.922714	43.945858	18.739368	39.665863	27	Lyra
400	17.657221	46.008507	16.645733	48.913403	28	Hercules
401	16.645733	48.913403	16.328697	46.312172	28	Hercules
402	16.328697	46.312172	16.820293	45.985588	28	Hercules
403	16.820293	45.985588	17.657221	46.008507	28	Hercules
404	17.657221	46.008507	17.937218	37.242252	28	Hercules
405	17.937218	37.242252	17.394405	37.133392	28	Hercules
406	17.394405	37.133392	17.25078	36.801075	28	Hercules
407	17.25078	36.801075	16.714491	38.92675	28	Hercules
408	16.714491	38.92675	16.687366	31.598619	28	Hercules
409	16.687366	31.598619	17.004406	30.9168	28	Hercules
410	17.004406	30.9168	17.25078	36.801075	28	Hercules
411	17.25078	36.801075	17.962429	29.249493	28	Hercules
412	17.962429	29.249493	17.774111	27.725426	28	Hercules
413	17.774111	27.725426	17.004406	30.9168	28	Hercules
414	17.004406	30.9168	16.862314	24.648642	28	Hercules
415	16.862314	24.648642	16.50326	21.485914	28	Hercules
416	16.50326	21.485914	16.365364	19.142517	28	Hercules
417	17.774111	27.725426	17.51206	26.098225	28	Hercules
418	17.51206	26.098225	17.250399	24.831987	28	Hercules
419	17.250399	24.831987	17.243906	14.375509	28	Hercules
420	17.243906	14.375509	17.051773	14.083302	28	Hercules
421	17.962429	29.249493	18.024691	21.600506	28	Hercules
422	18.024691	21.600506	18.146158	20.809826	28	Hercules
423	18.146158	20.809826	18.395212	21.766665	28	Hercules
424	18.395212	21.766665	18.761137	20.551994	28	Hercules
425	18.761137	20.551994	18.783672	18.185678	28	Hercules
426	14.272854	46.082993	14.224342	51.78392	29	Bootes
427	14.224342	51.78392	14.419537	51.846947	29	Bootes
428	14.419537	51.846947	14.272854	46.082993	29	Bootes
429	14.272854	46.082993	14.534516	38.313683	29	Bootes
430	14.534516	38.313683	15.032237	40.382061	29	Bootes
431	15.032237	40.382061	15.257991	33.311764	29	Bootes
432	15.257991	33.311764	14.749572	27.077982	29	Bootes
433	14.749572	27.077982	14.260632	19.182625	29	Bootes
434	14.260632	19.182625	14.530314	30.383949	29	Bootes
435	14.530314	30.383949	14.534516	38.313683	29	Bootes
436	15.257991	33.311764	15.073874	26.951931	29	Bootes
437	15.073874	26.951931	15.034911	24.998146	29	Bootes
438	14.260632	19.182625	13.911122	18.391943	29	Bootes
439	13.911122	18.391943	13.824032	15.796445	29	Bootes
440	13.824032	15.796445	13.787361	17.452293	29	Bootes
441	14.260632	19.182625	14.329007	16.312107	29	Bootes
442	14.329007	16.312107	14.678522	16.415239	29	Bootes
443	14.678522	16.415239	14.685398	13.710878	29	Bootes
444	1.88503	29.581808	2.159285	34.979069	30	Triangulum
445	2.159285	34.979069	2.288774	33.844612	30	Triangulum
446	2.288774	33.844612	1.88503	29.581808	30	Triangulum
447	9.569518	36.377087	10.123394	35.24263	31	Leo Minor
448	10.123394	35.24263	10.464504	36.697945	31	Leo Minor
449	10.464504	36.697945	10.888124	34.211308	31	Leo Minor
450	10.888124	34.211308	10.645183	31.9825	31	Leo Minor
451	10.645183	31.9825	10.431654	33.78159	31	Leo Minor
452	10.431654	33.78159	10.123394	35.24263	31	Leo Minor
453	12.562342	41.350361	12.933628	38.313683	32	Canes Vernatici
454	13.119267	27.633751	12.448511	28.258276	33	Coma Berenices
455	13.119267	27.633751	12.449275	26.831612	33	Coma Berenices
456	13.119267	27.633751	12.374788	25.851852	33	Coma Berenices
457	13.119267	27.633751	12.272035	23.949633	33	Coma Berenices
458	13.119267	27.633751	13.166251	17.515318	33	Coma Berenices
459	15.548676	31.369436	15.463492	29.094793	34	Corona Borealis
460	15.463492	29.094793	15.577707	26.71702	34	Corona Borealis
461	15.577707	26.71702	15.71217	26.29303	34	Corona Borealis
462	15.71217	26.29303	15.826384	26.058117	34	Corona Borealis
463	15.826384	26.058117	15.959315	26.877447	34	Corona Borealis
464	15.959315	26.877447	16.023493	29.851097	34	Corona Borealis
465	19.478891	24.665831	19.891441	24.081413	35	Vulpecula
466	19.979675	19.480562	19.789831	18.535183	36	Sagitta
467	19.789831	18.535183	19.668741	18.008062	36	Sagitta
468	19.789831	18.535183	19.684017	17.47521	36	Sagitta
469	19.921997	6.394208	19.846748	8.863656	37	Aquila
470	19.846748	8.863656	19.771114	10.611177	37	Aquila
471	19.771114	10.611177	19.568277	7.385425	37	Aquila
472	19.568277	7.385425	19.425032	3.11689	37	Aquila
473	19.425032	3.11689	19.104549	-4.8816	37	Aquila
474	20.188631	-0.81933	19.875017	1.002676	37	Aquila
475	19.875017	1.002676	19.425032	3.11689	37	Aquila
476	19.425032	3.11689	19.090416	13.859848	37	Aquila
477	19.090416	13.859848	18.993767	15.068789	37	Aquila
478	18.786346	-4.755549	18.583906	-10.97214	38	Scutum
479	18.583906	-10.97214	18.394831	-8.938141	38	Scutum
480	18.394831	-8.938141	18.786346	-4.755549	38	Scutum
481	18.786346	-4.755549	18.586962	-8.250591	38	Scutum
482	18.583906	-10.97214	18.586962	-8.250591	38	Scutum
483	18.394831	-8.938141	18.586962	-8.250591	38	Scutum
484	20.777658	16.128759	20.661152	15.911036	39	Delphinus
485	20.661152	15.911036	20.588572	14.684907	39	Delphinus
486	20.588572	14.684907	20.626005	14.593233	39	Delphinus
487	20.626005	14.593233	20.724564	15.085978	39	Delphinus
488	20.724564	15.085978	20.777658	16.128759	39	Delphinus
489	20.588572	14.684907	20.553812	11.298726	39	Delphinus
490	20.553812	11.298726	20.652365	10.078326	39	Delphinus
491	20.652365	10.078326	20.626005	14.593233	39	Delphinus
492	21.172632	10.129892	21.241766	9.998113	40	Equuleus
493	21.241766	9.998113	21.264301	5.248293	40	Equuleus
494	0.139802	29.083334	23.063412	28.074928	41	Pegasus
495	23.063412	28.074928	23.079838	15.200569	41	Pegasus
496	23.079838	15.200569	0.220398	15.17765	41	Pegasus
497	0.220398	15.17765	0.139802	29.083334	41	Pegasus
498	22.16692	33.162792	22.716965	30.217791	41	Pegasus
499	22.716965	30.217791	22.833851	24.597076	41	Pegasus
500	22.833851	24.597076	22.775789	23.565752	41	Pegasus
501	22.775789	23.565752	22.11688	25.324732	41	Pegasus
502	22.11688	25.324732	22.69099	10.828901	41	Pegasus
503	22.69099	10.828901	22.778845	12.175352	41	Pegasus
504	22.778845	12.175352	23.079838	15.200569	41	Pegasus
505	23.079838	15.200569	22.775789	23.565752	41	Pegasus
506	22.11688	25.324732	21.744457	25.645588	41	Pegasus
507	21.744457	25.645588	21.3682	19.812878	41	Pegasus
508	22.11688	25.324732	21.742167	17.343431	41	Pegasus
509	22.69099	10.828901	22.359056	12.19254	41	Pegasus
510	22.359056	12.19254	21.73682	9.877791	41	Pegasus
511	22.69099	10.828901	22.170359	6.193673	41	Pegasus
512	23.079838	15.200569	22.920935	8.81209	41	Pegasus
513	0.323912	-8.840738	1.240262	-7.941194	42	Cetus
514	1.240262	-7.941194	1.400691	-8.187566	42	Cetus
515	1.400691	-8.187566	1.85791	-10.336158	42	Cetus
516	1.85791	-10.336158	2.322387	-2.98511	42	Cetus
517	2.322387	-2.98511	2.658139	0.326586	42	Cetus
518	2.658139	0.326586	2.000767	-21.090574	42	Cetus
519	2.000767	-21.090574	0.726511	-17.985144	42	Cetus
520	0.726511	-17.985144	0.323912	-8.840738	42	Cetus
521	0.726511	-17.985144	1.734915	-15.939684	42	Cetus
522	2.658139	0.326586	2.721546	3.231482	42	Cetus
523	2.721546	3.231482	2.59817	5.580608	42	Cetus
524	2.59817	5.580608	2.469063	8.462585	42	Cetus
525	2.469063	8.462585	2.749048	10.112704	42	Cetus
526	2.749048	10.112704	2.995038	8.909492	42	Cetus
527	2.995038	8.909492	3.037818	4.096648	42	Cetus
528	3.037818	4.096648	2.721546	3.231482	42	Cetus
529	2.075251	-29.301058	2.564174	-28.235357	43	Fornax
530	2.564174	-28.235357	3.200538	-28.991661	43	Fornax
531	3.200538	-28.991661	3.703594	-31.930935	43	Fornax
532	3.703594	-31.930935	2.818185	-32.423679	43	Fornax
533	2.818185	-32.423679	2.075251	-29.301058	43	Fornax
534	0.976703	-29.364084	23.815525	-28.132225	44	Sculptor
535	23.815525	-28.132225	23.314377	-32.532539	44	Sculptor
536	23.314377	-32.532539	23.550055	-37.820942	44	Sculptor
537	23.550055	-37.820942	0.465242	-33.019554	44	Sculptor
538	0.465242	-33.019554	0.976703	-29.364084	44	Sculptor
539	0.156608	-45.756405	0.436594	-43.682297	45	Phoenix
540	0.436594	-43.682297	0.438122	-42.307198	45	Phoenix
541	0.438122	-42.307198	0.156608	-45.756405	45	Phoenix
542	0.436594	-43.682297	0.688695	-46.088718	45	Phoenix
543	0.688695	-46.088718	1.101607	-46.724705	45	Phoenix
544	0.688695	-46.088718	1.472883	-43.315605	45	Phoenix
545	1.472883	-43.315605	1.101607	-46.724705	45	Phoenix
546	0.688695	-46.088718	1.140186	-55.250313	45	Phoenix
547	1.140186	-55.250313	1.101607	-46.724705	45	Phoenix
548	1.101607	-46.724705	1.521393	-49.091019	45	Phoenix
549	1.521393	-49.091019	1.894197	-46.317902	45	Phoenix
550	1.894197	-46.317902	1.101607	-46.724705	45	Phoenix
551	4.635978	-14.301025	5.129858	-5.082135	46	Eridanus
552	5.129858	-5.082135	4.757442	-3.24867	46	Eridanus
553	4.757442	-3.24867	4.605039	-3.351803	46	Eridanus
554	4.605039	-3.351803	4.197482	-6.841115	46	Eridanus
555	4.197482	-6.841115	3.966772	-13.516073	46	Eridanus
556	3.966772	-13.516073	3.768911	-12.100867	46	Eridanus
557	3.768911	-12.100867	3.720019	-9.768929	46	Eridanus
558	3.720019	-9.768929	3.548514	-9.465261	46	Eridanus
559	3.548514	-9.465261	3.263563	-8.81782	46	Eridanus
560	3.263563	-8.81782	2.940034	-8.903763	46	Eridanus
561	2.940034	-8.903763	2.735679	-13.865577	46	Eridanus
562	2.735679	-13.865577	2.751722	-18.581018	46	Eridanus
563	2.751722	-18.581018	2.850652	-20.998901	46	Eridanus
564	2.850652	-20.998901	3.039728	-23.623047	46	Eridanus
565	3.039728	-23.623047	3.325061	-21.749475	46	Eridanus
566	3.325061	-21.749475	3.562646	-21.640614	46	Eridanus
567	3.562646	-21.640614	3.78037	-23.256355	46	Eridanus
568	3.78037	-23.256355	3.894579	-24.602806	46	Eridanus
569	3.894579	-24.602806	3.998476	-24.024118	46	Eridanus
570	3.998476	-24.024118	4.558057	-29.770884	46	Eridanus
571	4.558057	-29.770884	4.592052	-30.573025	46	Eridanus
572	4.592052	-30.573025	4.400305	-34.016502	46	Eridanus
573	4.400305	-34.016502	4.29794	-33.804508	46	Eridanus
574	4.29794	-33.804508	3.823915	-36.199471	46	Eridanus
575	3.823915	-36.199471	3.713526	-37.322468	46	Eridanus
576	3.713526	-37.322468	3.61765	-40.267471	46	Eridanus
577	3.61765	-40.267471	3.331936	-43.069233	46	Eridanus
578	3.331936	-43.069233	2.970592	-40.307575	46	Eridanus
579	2.970592	-40.307575	2.677619	-39.854939	46	Eridanus
580	2.677619	-39.854939	2.663486	-42.885887	46	Eridanus
581	2.663486	-42.885887	2.449583	-47.69873	46	Eridanus
582	2.449583	-47.69873	2.275022	-51.520359	46	Eridanus
583	2.275022	-51.520359	1.932776	-51.606304	46	Eridanus
584	1.932776	-51.606304	1.768911	-53.519981	46	Eridanus
585	1.768911	-53.519981	1.663487	-56.201424	46	Eridanus
586	1.663487	-56.201424	1.628727	-57.249935	46	Eridanus
587	5.584778	9.929358	5.512205	5.941572	47	Orion
588	5.512205	5.941572	5.918611	7.396884	47	Orion
589	5.918611	7.396884	5.584778	9.929358	47	Orion
590	5.512205	5.941572	5.418241	6.342642	47	Orion
591	5.418241	6.342642	5.532831	-0.303668	47	Orion
592	5.532831	-0.303668	5.602348	-1.197482	47	Orion
593	5.602348	-1.197482	5.67874	-1.953786	47	Orion
594	5.67874	-1.953786	5.918611	7.396884	47	Orion
595	5.532831	-0.303668	5.407164	-2.389234	47	Orion
596	5.407164	-2.389234	5.241392	-8.199025	47	Orion
597	5.67874	-1.953786	5.795238	-9.665797	47	Orion
598	5.67874	-1.953786	5.645127	-2.606958	47	Orion
599	5.645127	-2.606958	5.58707	-5.385803	47	Orion
600	5.418241	6.342642	4.830016	6.944248	47	Orion
601	4.938493	13.493155	4.912138	11.424777	47	Orion
602	4.912138	11.424777	4.914048	10.158541	47	Orion
603	4.914048	10.158541	4.843003	8.898034	47	Orion
604	4.843003	8.898034	4.830016	6.944248	47	Orion
605	4.830016	6.944248	4.852934	5.592068	47	Orion
606	4.852934	5.592068	4.903353	2.452259	47	Orion
607	4.903353	2.452259	4.975163	1.713144	47	Orion
608	5.918611	7.396884	6.038929	9.648608	47	Orion
609	6.038929	9.648608	6.273452	12.267025	47	Orion
610	6.273452	12.267025	6.198205	14.209352	47	Orion
611	6.198205	14.209352	6.200115	16.128759	47	Orion
612	6.200115	16.128759	6.064521	20.128006	47	Orion
613	6.064521	20.128006	5.905624	20.265514	47	Orion
614	5.905624	20.265514	6.125634	14.759391	47	Orion
615	6.125634	14.759391	6.198205	14.209352	47	Orion
616	5.214655	-16.203245	5.090135	-22.368271	48	Lepus
617	5.090135	-22.368271	5.339938	-21.233814	48	Lepus
618	5.339938	-21.233814	5.470188	-20.752529	48	Lepus
619	5.470188	-20.752529	5.740235	-22.448484	48	Lepus
620	5.740235	-22.448484	5.854443	-20.867121	48	Lepus
621	5.854443	-20.867121	5.939237	-14.169245	48	Lepus
622	5.939237	-14.169245	5.781869	-14.833876	48	Lepus
623	5.781869	-14.833876	5.544672	-17.841904	48	Lepus
624	5.544672	-17.841904	5.214655	-16.203245	48	Lepus
625	5.544672	-17.841904	5.470188	-20.752529	48	Lepus
626	5.214655	-16.203245	5.204342	-11.871684	48	Lepus
627	5.214655	-16.203245	5.325423	-13.189487	48	Lepus
628	4.67532	-41.87175	5.072946	-35.489002	49	Caelum
629	5.072946	-35.489002	4.700148	-37.139122	49	Caelum
630	4.700148	-37.139122	4.67532	-41.87175	49	Caelum
631	4.67532	-41.87175	4.513367	-44.954266	49	Caelum
632	4.180293	-41.980614	2.979377	-64.06813	50	Horologium
633	2.979377	-64.06813	4.233005	-42.284283	50	Horologium
634	5.848713	-35.764023	5.985073	-42.822861	51	Columba
635	5.985073	-42.822861	5.958335	-35.288467	51	Columba
636	5.958335	-35.288467	5.848713	-35.764023	51	Columba
637	5.848713	-35.764023	5.660024	-34.090984	51	Columba
638	5.660024	-34.090984	5.519462	-35.489002	51	Columba
639	5.519462	-35.489002	5.848713	-35.764023	51	Columba
640	5.958335	-35.288467	6.12487	-37.247982	51	Columba
641	6.12487	-37.247982	6.27498	-35.1395	51	Columba
642	6.27498	-35.1395	6.367798	-33.437813	51	Columba
643	6.367798	-33.437813	5.958335	-35.288467	51	Columba
644	7.451808	8.284969	7.654249	5.231104	52	Canis Minor
645	6.547319	7.333859	6.3953	4.600851	53	Monoceros
646	6.3953	4.600851	6.797124	2.400693	53	Monoceros
647	6.797124	2.400693	6.547319	7.333859	53	Monoceros
648	6.547319	7.333859	6.681769	9.877791	53	Monoceros
649	6.797124	2.400693	7.196657	-0.504203	53	Monoceros
650	7.196657	-0.504203	7.994575	-3.672659	53	Monoceros
651	7.994575	-3.672659	8.142405	-2.98511	53	Monoceros
652	7.196657	-0.504203	6.479331	-7.041651	53	Monoceros
653	6.479331	-7.041651	6.247097	-6.291076	53	Monoceros
654	7.994575	-3.672659	7.686715	-9.556935	53	Monoceros
655	6.75167	-16.718906	6.610725	-19.251379	54	Canis Major
656	6.610725	-19.251379	6.901401	-24.201735	54	Canis Major
657	6.901401	-24.201735	6.976264	-28.968742	54	Canis Major
658	6.976264	-28.968742	7.027829	-27.93742	54	Canis Major
659	7.027829	-27.93742	7.138979	-26.401892	54	Canis Major
660	7.138979	-26.401892	7.049601	-23.840771	54	Canis Major
661	7.049601	-23.840771	6.891469	-20.219679	54	Canis Major
662	6.891469	-20.219679	6.75167	-16.718906	54	Canis Major
663	6.75167	-16.718906	6.935013	-17.056952	54	Canis Major
664	6.935013	-17.056952	7.061823	-15.636017	54	Canis Major
665	7.061823	-15.636017	6.902546	-12.049301	54	Canis Major
666	6.902546	-12.049301	6.935013	-17.056952	54	Canis Major
667	6.610725	-19.251379	6.377347	-17.956495	54	Canis Major
668	6.610725	-19.251379	6.530131	-23.416782	54	Canis Major
669	6.976264	-28.968742	6.337622	-30.074551	54	Canis Major
670	6.976264	-28.968742	6.829592	-32.51535	54	Canis Major
671	7.138979	-26.401892	7.245929	-26.774315	54	Canis Major
672	7.245929	-26.774315	7.400626	-29.301058	54	Canis Major
673	8.922435	5.941572	8.778808	6.417127	55	Hydra
674	8.778808	6.417127	8.626773	5.70093	55	Hydra
675	8.626773	5.70093	8.645108	3.346073	55	Hydra
676	8.645108	3.346073	8.719598	3.380451	55	Hydra
677	8.719598	3.380451	8.922435	5.941572	55	Hydra
678	8.922435	5.941572	9.098908	5.099324	55	Hydra
679	9.098908	5.099324	9.238714	2.30902	55	Hydra
680	9.238714	2.30902	9.532082	-1.191752	55	Hydra
681	9.532082	-1.191752	9.663488	-1.134456	55	Hydra
682	9.663488	-1.134456	9.458738	-8.668851	55	Hydra
683	9.458738	-8.668851	9.340706	-9.556935	55	Hydra
684	9.340706	-9.556935	9.328483	-11.974816	55	Hydra
685	9.328483	-11.974816	9.671128	-14.341132	55	Hydra
686	9.671128	-14.341132	9.857536	-14.856794	55	Hydra
687	9.857536	-14.856794	10.084815	-13.074896	55	Hydra
688	10.084815	-13.074896	10.176108	-12.370157	55	Hydra
689	10.176108	-12.370157	10.434328	-16.850687	55	Hydra
690	10.434328	-16.850687	10.642509	-16.873606	55	Hydra
691	10.642509	-16.873606	10.826626	-16.186056	55	Hydra
692	10.826626	-16.186056	11.088666	-27.289976	55	Hydra
693	11.088666	-27.289976	11.549718	-31.850721	55	Hydra
694	11.549718	-31.850721	11.670042	-34.732697	55	Hydra
695	11.670042	-34.732697	11.881272	-33.907639	55	Hydra
696	11.881272	-33.907639	13.15059	-23.118845	55	Hydra
697	13.15059	-23.118845	13.314843	-23.18187	55	Hydra
698	13.314843	-23.18187	13.495139	-23.285002	55	Hydra
699	13.495139	-23.285002	14.105931	-26.688372	55	Hydra
700	14.105931	-26.688372	14.212502	-27.2556	55	Hydra
701	14.212502	-27.2556	14.384776	-27.771261	55	Hydra
702	14.384776	-27.771261	14.469577	-29.507324	55	Hydra
703	14.469577	-29.507324	14.83781	-27.966066	55	Hydra
704	8.124834	-24.304867	7.8204	-24.866365	56	Puppis
705	7.8204	-24.866365	7.637443	-25.36484	56	Puppis
706	7.637443	-25.36484	7.646228	-26.802963	56	Puppis
707	7.646228	-26.802963	7.588933	-28.367138	56	Puppis
708	7.588933	-28.367138	7.284889	-37.099014	56	Puppis
709	7.284889	-37.099014	6.628677	-43.189552	56	Puppis
710	6.628677	-43.189552	6.398355	-52.683464	56	Puppis
711	8.124834	-24.304867	8.058752	-39.99818	56	Puppis
712	8.058752	-39.99818	8.158068	-47.349228	56	Puppis
713	7.8204	-24.866365	7.800538	-25.937798	56	Puppis
714	7.800538	-25.937798	7.729494	-28.951555	56	Puppis
715	7.729494	-28.951555	7.588933	-28.367138	56	Puppis
716	8.841452	-27.708237	8.72571	-33.2029	57	Pyxis
717	8.72571	-33.2029	8.667647	-35.305656	57	Pyxis
718	8.667647	-35.305656	8.058752	-39.99818	57	Pyxis
719	8.158068	-47.349228	8.676435	-46.650219	58	Vela
720	8.676435	-46.650219	8.766201	-46.048615	58	Vela
721	8.766201	-46.048615	9.132524	-43.435925	58	Vela
722	9.132524	-43.435925	9.51069	-40.473736	58	Vela
723	9.51069	-40.473736	10.245247	-42.141041	58	Vela
724	10.245247	-42.141041	10.548924	-46.999722	58	Vela
725	10.548924	-46.999722	10.621118	-48.214394	58	Vela
726	10.621118	-48.214394	10.77926	-49.440521	58	Vela
727	10.77926	-49.440521	9.947303	-54.591412	58	Vela
728	9.947303	-54.591412	9.367826	-55.02113	58	Vela
729	9.367826	-55.02113	8.744428	-54.717464	58	Vela
730	8.744428	-54.717464	8.158068	-47.349228	58	Vela
731	8.158068	-47.349228	7.945684	-52.987133	59	Carina
732	7.945684	-52.987133	8.374276	-59.501659	59	Carina
733	8.374276	-59.501659	8.676052	-59.748032	59	Carina
734	8.676052	-59.748032	9.1818	-58.968811	59	Carina
735	9.1818	-58.968811	9.284172	-59.266747	59	Carina
736	9.284172	-59.266747	9.573339	-59.238102	59	Carina
737	9.573339	-59.238102	10.284209	-61.340855	59	Carina
738	10.284209	-61.340855	10.464122	-58.756817	59	Carina
739	10.464122	-58.756817	10.456483	-57.651009	59	Carina
740	10.456483	-57.651009	10.592851	-57.553604	59	Carina
741	10.592851	-57.553604	10.89118	-58.848488	59	Carina
742	10.89118	-58.848488	11.142525	-58.99173	59	Carina
743	10.89118	-58.848488	10.725018	-60.573093	59	Carina
744	10.725018	-60.573093	10.533263	-61.684631	59	Carina
745	10.533263	-61.684631	10.715467	-64.388992	59	Carina
746	10.715467	-64.388992	10.228821	-70.038353	59	Carina
747	10.228821	-70.038353	9.219233	-69.717499	59	Carina
748	9.219233	-69.717499	6.398355	-52.683464	59	Carina
749	10.452281	-31.088686	9.736066	-27.771261	60	Antlia
750	9.736066	-27.771261	9.486625	-35.947369	60	Antlia
751	9.874726	-8.101623	10.131798	-0.366693	61	Sextans
752	10.131798	-0.366693	10.504612	-0.635983	61	Sextans
753	10.504612	-0.635983	9.874726	-8.101623	61	Sextans
754	11.611217	-9.803307	11.409911	-10.874738	62	Crater
755	11.409911	-10.874738	11.322057	-14.765121	62	Crater
756	11.322057	-14.765121	11.414495	-17.687204	62	Crater
757	11.414495	-17.687204	11.745672	-18.357565	62	Crater
758	11.745672	-18.357565	11.611217	-9.803307	62	Crater
759	11.322057	-14.765121	10.995844	-18.306	62	Crater
760	10.995844	-18.306	11.19371	-22.832365	62	Crater
761	11.19371	-22.832365	11.414495	-17.687204	62	Crater
762	12.497022	-16.524101	12.263248	-17.532507	63	Corvus
763	12.263248	-17.532507	12.168518	-22.614641	63	Corvus
764	12.168518	-22.614641	12.572656	-23.399593	63	Corvus
765	12.572656	-23.399593	12.497022	-16.524101	63	Corvus
766	12.168518	-22.614641	12.139486	-24.723125	63	Corvus
767	14.111279	-36.382816	13.824796	-41.688404	64	Centaurus
768	13.824796	-41.688404	13.970712	-42.100933	64	Centaurus
769	13.970712	-42.100933	14.342377	-37.901154	64	Centaurus
770	14.342377	-37.901154	14.111279	-36.382816	64	Centaurus
771	13.824796	-41.688404	13.826706	-42.490547	64	Centaurus
772	13.826706	-42.490547	13.925256	-47.303391	64	Centaurus
773	13.925256	-47.303391	13.977588	-44.799564	64	Centaurus
774	13.977588	-44.799564	13.970712	-42.100933	64	Centaurus
775	13.824796	-41.688404	13.517293	-39.402302	64	Centaurus
776	13.517293	-39.402302	13.342727	-36.71513	64	Centaurus
777	13.342727	-36.71513	13.761005	-33.031013	64	Centaurus
778	13.761005	-33.031013	13.824032	-34.45768	64	Centaurus
779	13.970712	-42.100933	14.591431	-42.15823	64	Centaurus
780	14.591431	-42.15823	14.985637	-42.100933	64	Centaurus
781	14.985637	-42.100933	14.69915	-37.798023	64	Centaurus
782	14.69915	-37.798023	14.727035	-35.185333	64	Centaurus
783	13.925256	-47.303391	12.691451	-48.970699	64	Centaurus
784	12.691451	-48.970699	13.664359	-53.474144	64	Centaurus
785	13.664359	-53.474144	13.925256	-47.303391	64	Centaurus
786	13.664359	-53.474144	14.338175	-56.401958	64	Centaurus
787	14.338175	-56.401958	14.659805	-60.830921	64	Centaurus
788	13.664359	-53.474144	14.063531	-60.366829	64	Centaurus
789	12.691451	-48.970699	12.193728	-52.368336	64	Centaurus
790	12.193728	-52.368336	11.595937	-63.013893	64	Centaurus
791	12.691451	-48.970699	12.138722	-50.723949	64	Centaurus
792	12.138722	-50.723949	11.349941	-54.50547	64	Centaurus
793	14.631158	-49.423336	14.698768	-47.406525	65	Lupus
794	14.698768	-47.406525	14.975323	-43.132259	65	Lupus
795	14.975323	-43.132259	15.363416	-36.273952	65	Lupus
796	15.363416	-36.273952	15.421858	-38.731941	65	Lupus
797	15.421858	-38.731941	15.355776	-40.657082	65	Lupus
798	15.355776	-40.657082	15.146832	-45.286579	65	Lupus
799	15.146832	-45.286579	15.084951	-47.057018	65	Lupus
800	15.084951	-47.057018	14.631158	-49.423336	65	Lupus
801	14.698768	-47.406525	14.322895	-46.071533	65	Lupus
802	14.698768	-47.406525	14.435963	-45.389713	65	Lupus
803	15.084951	-47.057018	15.198781	-48.741516	65	Lupus
804	15.198781	-48.741516	15.204512	-52.104778	65	Lupus
805	15.146832	-45.286579	15.308411	-47.864891	65	Lupus
806	15.308411	-47.864891	15.368763	-47.939373	65	Lupus
807	15.368763	-47.939373	15.377548	-44.707893	65	Lupus
808	15.355776	-40.657082	15.597953	-44.954266	65	Lupus
809	15.597953	-44.954266	15.633862	-42.570759	65	Lupus
810	15.421858	-38.731941	15.585729	-41.172745	65	Lupus
811	15.585729	-41.172745	16.002098	-38.399628	65	Lupus
812	15.363416	-36.273952	15.662511	-34.423302	65	Lupus
813	15.662511	-34.423302	15.84892	-33.621159	65	Lupus
814	16.107908	-45.16626	16.452839	-47.572681	66	Norma
815	16.452839	-47.572681	16.330225	-50.168179	66	Norma
816	16.330225	-50.168179	16.283241	-50.065048	66	Norma
817	16.283241	-50.065048	16.053288	-49.239986	66	Norma
818	16.053288	-49.239986	16.107908	-45.16626	66	Norma
819	16.330225	-50.168179	16.224033	-54.631519	66	Norma
820	16.224033	-54.631519	16.058634	-57.782787	66	Norma
821	16.058634	-57.782787	16.053288	-49.239986	66	Norma
822	18.979252	-37.099014	19.107225	-37.053177	67	Corona Austrina
823	19.107225	-37.053177	19.158031	-37.924072	67	Corona Austrina
824	19.158031	-37.924072	19.167582	-39.339279	67	Corona Austrina
825	19.167582	-39.339279	19.138931	-40.50811	67	Corona Austrina
826	19.138931	-40.50811	19.052216	-42.100933	67	Corona Austrina
827	21.346428	-40.823238	21.299444	-32.165848	68	Microscopium
828	21.299444	-32.165848	21.022137	-32.268978	68	Microscopium
829	21.022137	-32.268978	20.833052	-33.787319	68	Microscopium
830	20.833052	-33.787319	21.346428	-40.823238	68	Microscopium
831	22.961042	-29.621916	22.678003	-27.049335	69	Piscis Austrinus
832	22.678003	-27.049335	22.169212	-32.549728	69	Piscis Austrinus
833	22.169212	-32.549728	22.140181	-33.002365	69	Piscis Austrinus
834	22.140181	-33.002365	21.796022	-30.90534	69	Piscis Austrinus
835	21.796022	-30.90534	21.749424	-33.031013	69	Piscis Austrinus
836	21.749424	-33.031013	22.140945	-34.050877	69	Piscis Austrinus
837	22.140945	-34.050877	22.525211	-32.349194	69	Piscis Austrinus
838	22.525211	-32.349194	22.875483	-32.864857	69	Piscis Austrinus
839	22.875483	-32.864857	22.932775	-32.532539	69	Piscis Austrinus
840	22.932775	-32.532539	22.961042	-29.621916	69	Piscis Austrinus
841	22.137506	-46.971077	22.496181	-43.751053	70	Grus
842	22.496181	-43.751053	23.114983	-43.539059	70	Grus
843	23.114983	-43.539059	23.172663	-45.252201	70	Grus
844	23.172663	-45.252201	22.711617	-46.890862	70	Grus
845	22.711617	-46.890862	22.137506	-46.971077	70	Grus
846	22.137506	-46.971077	22.101984	-39.551273	70	Grus
847	22.101984	-39.551273	21.899155	-37.368305	70	Grus
848	22.101984	-39.551273	22.260508	-41.356091	70	Grus
849	22.711617	-46.890862	22.809404	-51.319824	70	Grus
850	22.711617	-46.890862	23.014902	-52.75795	70	Grus
851	20.626387	-47.286201	20.914036	-58.447418	71	Indus
852	20.914036	-58.447418	22.056149	-56.791573	71	Indus
853	22.056149	-56.791573	21.965618	-54.981026	71	Indus
854	21.965618	-54.981026	20.914036	-58.447418	71	Indus
855	12.519177	-57.123886	12.441636	-63.122753	72	Crux
856	12.795349	-59.707924	12.25217	-58.756817	72	Crux
857	15.291604	-58.802654	14.707935	-64.973404	73	Circinus
858	14.707935	-64.973404	15.38939	-59.335503	73	Circinus
859	15.918824	-63.437881	15.238509	-70.08419	74	Triangulum Australe
860	15.238509	-70.08419	16.810362	-69.041405	74	Triangulum Australe
861	16.810362	-69.041405	15.918824	-63.437881	74	Triangulum Australe
862	12.619256	-69.13308	12.540951	-72.135376	75	Musca
863	12.540951	-72.135376	13.037524	-71.556694	75	Musca
864	13.037524	-71.556694	12.619256	-69.13308	75	Musca
865	12.619256	-69.13308	12.770903	-68.118942	75	Musca
866	12.619256	-69.13308	12.292279	-67.952789	75	Musca
867	12.292279	-67.952789	11.759805	-66.715202	75	Musca
868	16.339008	-78.707207	16.557117	-78.884819	76	Apus
869	16.557117	-78.884819	16.717165	-77.521179	76	Apus
870	16.717165	-77.521179	16.339008	-78.707207	76	Apus
871	16.339008	-78.707207	14.797321	-79.03952	76	Apus
872	16.829077	-59.049023	17.518171	-60.687683	77	Ara
873	17.518171	-60.687683	18.110634	-50.105152	77	Ara
874	18.110634	-50.105152	17.672882	-49.423336	77	Ara
875	17.672882	-49.423336	17.530777	-49.881699	77	Ara
876	17.530777	-49.881699	16.992563	-53.15329	77	Ara
877	16.992563	-53.15329	16.976521	-55.989429	77	Ara
878	16.976521	-55.989429	16.829077	-59.049023	77	Ara
879	12.305266	-79.297348	11.993189	-78.220192	78	Chamaeleon
880	11.993189	-78.220192	10.590559	-78.598343	78	Chamaeleon
881	10.590559	-78.598343	10.762834	-80.557861	78	Chamaeleon
882	10.762834	-80.557861	12.305266	-79.297348	78	Chamaeleon
883	10.590559	-78.598343	8.343334	-77.486801	78	Chamaeleon
884	14.448568	-83.669022	21.691748	-77.389404	79	Octans
885	21.691748	-77.389404	22.767767	-81.388649	79	Octans
886	22.767767	-81.388649	14.448568	-83.669022	79	Octans
887	18.949457	-67.248047	18.717598	-71.436371	80	Pavo
888	18.717598	-71.436371	20.009859	-72.903145	80	Pavo
889	20.009859	-72.903145	20.145466	-66.18235	80	Pavo
890	20.145466	-66.18235	18.949457	-67.248047	80	Pavo
891	18.949457	-67.248047	18.7577	-64.864548	80	Pavo
892	18.7577	-64.864548	18.522785	-62.269047	80	Pavo
893	18.522785	-62.269047	18.143103	-63.667065	80	Pavo
894	18.143103	-63.667065	18.387571	-61.484093	80	Pavo
895	18.387571	-61.484093	18.522785	-62.269047	80	Pavo
896	18.143103	-63.667065	17.761887	-64.732765	80	Pavo
897	20.145466	-66.18235	20.749393	-66.205269	80	Pavo
898	20.749393	-66.205269	21.441164	-65.374481	80	Pavo
899	21.441164	-65.374481	20.427376	-56.734276	80	Pavo
900	20.427376	-56.734276	20.145466	-66.18235	80	Pavo
901	18.480772	-49.07383	19.381104	-54.430984	81	Telescopium
902	19.381104	-54.430984	19.586996	-48.10553	81	Telescopium
903	19.586996	-48.10553	18.449835	-45.968399	81	Telescopium
904	18.449835	-45.968399	18.480772	-49.07383	81	Telescopium
905	23.290693	-58.235424	23.998873	-65.586472	82	Tucana
906	23.998873	-65.586472	0.334607	-64.887466	82	Tucana
907	0.334607	-64.887466	0.525975	-62.968056	82	Tucana
908	0.525975	-62.968056	23.290693	-58.235424	82	Tucana
909	23.290693	-58.235424	22.308636	-60.252235	82	Tucana
910	0.429336	-77.251892	3.786864	-74.249596	83	Hydrus
911	3.786864	-74.249596	2.659666	-68.267914	83	Hydrus
912	2.659666	-68.267914	2.362494	-68.674713	83	Hydrus
913	2.362494	-68.674713	1.915969	-67.637657	83	Hydrus
914	1.915969	-67.637657	1.979759	-61.564308	83	Hydrus
915	3.736444	-64.807251	4.239881	-62.463852	84	Reticulum
916	4.239881	-62.463852	4.273876	-59.324043	84	Reticulum
917	4.273876	-59.324043	3.489308	-62.933678	84	Reticulum
918	3.489308	-62.933678	3.736444	-64.807251	84	Reticulum
919	4.566079	-55.049778	5.559568	-62.481041	85	Dorado
920	5.559568	-62.481041	5.09128	-57.484848	85	Dorado
921	5.09128	-57.484848	4.566079	-55.049778	85	Dorado
922	4.566079	-55.049778	4.266618	-51.485981	85	Dorado
923	5.559568	-62.481041	5.745583	-65.741173	85	Dorado
924	5.745583	-65.741173	5.901041	-63.082645	85	Dorado
925	5.901041	-63.082645	5.559568	-62.481041	85	Dorado
926	5.53054	-76.352348	6.16994	-74.753799	86	Mensa
927	8.428136	-66.130783	8.131709	-68.623146	87	Volans
928	8.131709	-68.623146	9.040084	-66.4058	87	Volans
929	9.040084	-66.4058	8.428136	-66.130783	87	Volans
930	8.131709	-68.623146	7.145091	-70.502449	87	Volans
931	7.145091	-70.502449	7.696264	-72.599472	87	Volans
932	7.696264	-72.599472	8.131709	-68.623146	87	Volans
933	8.131709	-68.623146	8.650456	-70.382126	87	Volans
934	8.131709	-68.623146	7.279542	-67.952789	87	Volans
935	6.802472	-61.931	5.829615	-56.155586	88	Pictor
936	5.829615	-56.155586	5.081731	-49.589493	88	Pictor
937	5.081731	-49.589493	5.787217	-51.073452	88	Pictor
938	5.787217	-51.073452	6.170704	-54.963837	88	Pictor
939	6.170704	-54.963837	6.802472	-61.931	88	Pictor
